↑↓
4342580178850004
4342580178850012
4342580178850020
4342580178850038
4342580178850046
4342580178850053
4342580178850061
4342580178850079
4342580178850087
4342580178850095
4342580178850103
4342580178850111
4342580178850129
4342580178850137
4342580178850145
4342580178850152
4342580178850160
4342580178850178
4342580178850186
4342580178850194
4342580178850202
4342580178850210
4342580178850228
4342580178850236
4342580178850244
4342580178850251
4342580178850269
4342580178850277
4342580178850285
4342580178850293
4342580178850301
4342580178850319
4342580178850327
4342580178850335
4342580178850343
4342580178850350
4342580178850368
4342580178850376
4342580178850384
4342580178850392
4342580178850400
4342580178850418
4342580178850426
4342580178850434
4342580178850442
4342580178850459
4342580178850467
4342580178850475
4342580178850483
4342580178850491
4342580178850509
4342580178850517
4342580178850525
4342580178850533
4342580178850541
4342580178850558
4342580178850566
4342580178850574
4342580178850582
4342580178850590
4342580178850608
4342580178850616
4342580178850624
4342580178850632
4342580178850640
4342580178850657
4342580178850665
4342580178850673
4342580178850681
4342580178850699
4342580178850707
4342580178850715
4342580178850723
4342580178850731
4342580178850749
4342580178850756
4342580178850764
4342580178850772
4342580178850780
4342580178850798
4342580178850806
4342580178850814
4342580178850822
4342580178850830
4342580178850848
4342580178850855
4342580178850863
4342580178850871
4342580178850889
4342580178850897
4342580178850905
4342580178850913
4342580178850921
4342580178850939
4342580178850947
4342580178850954
4342580178850962
4342580178850970
4342580178850988
4342580178850996
4342580178851002
4342580178851010
4342580178851028
4342580178851036
4342580178851044
4342580178851051
4342580178851069
4342580178851077
4342580178851085
4342580178851093
4342580178851101
4342580178851119
4342580178851127
4342580178851135
4342580178851143
4342580178851150
4342580178851168
4342580178851176
4342580178851184
4342580178851192
4342580178851200
4342580178851218
4342580178851226
4342580178851234
4342580178851242
4342580178851259
4342580178851267
4342580178851275
4342580178851283
4342580178851291
4342580178851309
4342580178851317
4342580178851325
4342580178851333
4342580178851341
4342580178851358
4342580178851366
4342580178851374
4342580178851382
4342580178851390
4342580178851408
4342580178851416
4342580178851424
4342580178851432
4342580178851440
4342580178851457
4342580178851465
4342580178851473
4342580178851481
4342580178851499
4342580178851507
4342580178851515
4342580178851523
4342580178851531
4342580178851549
4342580178851556
4342580178851564
4342580178851572
4342580178851580
4342580178851598
4342580178851606
4342580178851614
4342580178851622
4342580178851630
4342580178851648
4342580178851655
4342580178851663
4342580178851671
4342580178851689
4342580178851697
4342580178851705
4342580178851713
4342580178851721
4342580178851739
4342580178851747
4342580178851754
4342580178851762
4342580178851770
4342580178851788
4342580178851796
4342580178851804
4342580178851812
4342580178851820
4342580178851838
4342580178851846
4342580178851853
4342580178851861
4342580178851879
4342580178851887
4342580178851895
4342580178851903
4342580178851911
4342580178851929
4342580178851937
4342580178851945
4342580178851952
4342580178851960
4342580178851978
4342580178851986
4342580178851994
4342580178852000
4342580178852018
4342580178852026
4342580178852034
4342580178852042
4342580178852059
4342580178852067
4342580178852075
4342580178852083
4342580178852091
4342580178852109
4342580178852117
4342580178852125
4342580178852133
4342580178852141
4342580178852158
4342580178852166
4342580178852174
4342580178852182
4342580178852190
4342580178852208
4342580178852216
4342580178852224
4342580178852232
4342580178852240
4342580178852257
4342580178852265
4342580178852273
4342580178852281
4342580178852299
4342580178852307
4342580178852315
4342580178852323
4342580178852331
4342580178852349
4342580178852356
4342580178852364
4342580178852372
4342580178852380
4342580178852398
4342580178852406
4342580178852414
4342580178852422
4342580178852430
4342580178852448
4342580178852455
4342580178852463
4342580178852471
4342580178852489
4342580178852497
4342580178852505
4342580178852513
4342580178852521
4342580178852539
4342580178852547
4342580178852554
4342580178852562
4342580178852570
4342580178852588
4342580178852596
4342580178852604
4342580178852612
4342580178852620
4342580178852638
4342580178852646
4342580178852653
4342580178852661
4342580178852679
4342580178852687
4342580178852695
4342580178852703
4342580178852711
4342580178852729
4342580178852737
4342580178852745
4342580178852752
4342580178852760
4342580178852778
4342580178852786
4342580178852794
4342580178852802
4342580178852810
4342580178852828
4342580178852836
4342580178852844
4342580178852851
4342580178852869
4342580178852877
4342580178852885
4342580178852893
4342580178852901
4342580178852919
4342580178852927
4342580178852935
4342580178852943
4342580178852950
4342580178852968
4342580178852976
4342580178852984
4342580178852992
4342580178853008
4342580178853016
4342580178853024
4342580178853032
4342580178853040
4342580178853057
4342580178853065
4342580178853073
4342580178853081
4342580178853099
4342580178853107
4342580178853115
4342580178853123
4342580178853131
4342580178853149
4342580178853156
4342580178853164
4342580178853172
4342580178853180
4342580178853198
4342580178853206
4342580178853214
4342580178853222
4342580178853230
4342580178853248
4342580178853255
4342580178853263
4342580178853271
4342580178853289
4342580178853297
4342580178853305
4342580178853313
4342580178853321
4342580178853339
4342580178853347
4342580178853354
4342580178853362
4342580178853370
4342580178853388
4342580178853396
4342580178853404
4342580178853412
4342580178853420
4342580178853438
4342580178853446
4342580178853453
4342580178853461
4342580178853479
4342580178853487
4342580178853495
4342580178853503
4342580178853511
4342580178853529
4342580178853537
4342580178853545
4342580178853552
4342580178853560
4342580178853578
4342580178853586
4342580178853594
4342580178853602
4342580178853610
4342580178853628
4342580178853636
4342580178853644
4342580178853651
4342580178853669
4342580178853677
4342580178853685
4342580178853693
4342580178853701
4342580178853719
4342580178853727
4342580178853735
4342580178853743
4342580178853750
4342580178853768
4342580178853776
4342580178853784
4342580178853792
4342580178853800
4342580178853818
4342580178853826
4342580178853834
4342580178853842
4342580178853859
4342580178853867
4342580178853875
4342580178853883
4342580178853891
4342580178853909
4342580178853917
4342580178853925
4342580178853933
4342580178853941
4342580178853958
4342580178853966
4342580178853974
4342580178853982
4342580178853990
4342580178854006
4342580178854014
4342580178854022
4342580178854030
4342580178854048
4342580178854055
4342580178854063
4342580178854071
4342580178854089
4342580178854097
4342580178854105
4342580178854113
4342580178854121
4342580178854139
4342580178854147
4342580178854154
4342580178854162
4342580178854170
4342580178854188
4342580178854196
4342580178854204
4342580178854212
4342580178854220
4342580178854238
4342580178854246
4342580178854253
4342580178854261
4342580178854279
4342580178854287
4342580178854295
4342580178854303
4342580178854311
4342580178854329
4342580178854337
4342580178854345
4342580178854352
4342580178854360
4342580178854378
4342580178854386
4342580178854394
4342580178854402
4342580178854410
4342580178854428
4342580178854436
4342580178854444
4342580178854451
4342580178854469
4342580178854477
4342580178854485
4342580178854493
4342580178854501
4342580178854519
4342580178854527
4342580178854535
4342580178854543
4342580178854550
4342580178854568
4342580178854576
4342580178854584
4342580178854592
4342580178854600
4342580178854618
4342580178854626
4342580178854634
4342580178854642
4342580178854659
4342580178854667
4342580178854675
4342580178854683
4342580178854691
4342580178854709
4342580178854717
4342580178854725
4342580178854733
4342580178854741
4342580178854758
4342580178854766
4342580178854774
4342580178854782
4342580178854790
4342580178854808
4342580178854816
4342580178854824
4342580178854832
4342580178854840
4342580178854857
4342580178854865
4342580178854873
4342580178854881
4342580178854899
4342580178854907
4342580178854915
4342580178854923
4342580178854931
4342580178854949
4342580178854956
4342580178854964
4342580178854972
4342580178854980
4342580178854998
4342580178855003
4342580178855011
4342580178855029
4342580178855037
4342580178855045
4342580178855052
4342580178855060
4342580178855078
4342580178855086
4342580178855094
4342580178855102
4342580178855110
4342580178855128
4342580178855136
4342580178855144
4342580178855151
4342580178855169
4342580178855177
4342580178855185
4342580178855193
4342580178855201
4342580178855219
4342580178855227
4342580178855235
4342580178855243
4342580178855250
4342580178855268
4342580178855276
4342580178855284
4342580178855292
4342580178855300
4342580178855318
4342580178855326
4342580178855334
4342580178855342
4342580178855359
4342580178855367
4342580178855375
4342580178855383
4342580178855391
4342580178855409
4342580178855417
4342580178855425
4342580178855433
4342580178855441
4342580178855458
4342580178855466
4342580178855474
4342580178855482
4342580178855490
4342580178855508
4342580178855516
4342580178855524
4342580178855532
4342580178855540
4342580178855557
4342580178855565
4342580178855573
4342580178855581
4342580178855599
4342580178855607
4342580178855615
4342580178855623
4342580178855631
4342580178855649
4342580178855656
4342580178855664
4342580178855672
4342580178855680
4342580178855698
4342580178855706
4342580178855714
4342580178855722
4342580178855730
4342580178855748
4342580178855755
4342580178855763
4342580178855771
4342580178855789
4342580178855797
4342580178855805
4342580178855813
4342580178855821
4342580178855839
4342580178855847
4342580178855854
4342580178855862
4342580178855870
4342580178855888
4342580178855896
4342580178855904
4342580178855912
4342580178855920
4342580178855938
4342580178855946
4342580178855953
4342580178855961
4342580178855979
4342580178855987
4342580178855995
4342580178856001
4342580178856019
4342580178856027
4342580178856035
4342580178856043
4342580178856050
4342580178856068
4342580178856076
4342580178856084
4342580178856092
4342580178856100
4342580178856118
4342580178856126
4342580178856134
4342580178856142
4342580178856159
4342580178856167
4342580178856175
4342580178856183
4342580178856191
4342580178856209
4342580178856217
4342580178856225
4342580178856233
4342580178856241
4342580178856258
4342580178856266
4342580178856274
4342580178856282
4342580178856290
4342580178856308
4342580178856316
4342580178856324
4342580178856332
4342580178856340
4342580178856357
4342580178856365
4342580178856373
4342580178856381
4342580178856399
4342580178856407
4342580178856415
4342580178856423
4342580178856431
4342580178856449
4342580178856456
4342580178856464
4342580178856472
4342580178856480
4342580178856498
4342580178856506
4342580178856514
4342580178856522
4342580178856530
4342580178856548
4342580178856555
4342580178856563
4342580178856571
4342580178856589
4342580178856597
4342580178856605
4342580178856613
4342580178856621
4342580178856639
4342580178856647
4342580178856654
4342580178856662
4342580178856670
4342580178856688
4342580178856696
4342580178856704
4342580178856712
4342580178856720
4342580178856738
4342580178856746
4342580178856753
4342580178856761
4342580178856779
4342580178856787
4342580178856795
4342580178856803
4342580178856811
4342580178856829
4342580178856837
4342580178856845
4342580178856852
4342580178856860
4342580178856878
4342580178856886
4342580178856894
4342580178856902
4342580178856910
4342580178856928
4342580178856936
4342580178856944
4342580178856951
4342580178856969
4342580178856977
4342580178856985
4342580178856993
4342580178857009
4342580178857017
4342580178857025
4342580178857033
4342580178857041
4342580178857058
4342580178857066
4342580178857074
4342580178857082
4342580178857090
4342580178857108
4342580178857116
4342580178857124
4342580178857132
4342580178857140
4342580178857157
4342580178857165
4342580178857173
4342580178857181
4342580178857199
4342580178857207
4342580178857215
4342580178857223
4342580178857231
4342580178857249
4342580178857256
4342580178857264
4342580178857272
4342580178857280
4342580178857298
4342580178857306
4342580178857314
4342580178857322
4342580178857330
4342580178857348
4342580178857355
4342580178857363
4342580178857371
4342580178857389
4342580178857397
4342580178857405
4342580178857413
4342580178857421
4342580178857439
4342580178857447
4342580178857454
4342580178857462
4342580178857470
4342580178857488
4342580178857496
4342580178857504
4342580178857512
4342580178857520
4342580178857538
4342580178857546
4342580178857553
4342580178857561
4342580178857579
4342580178857587
4342580178857595
4342580178857603
4342580178857611
4342580178857629
4342580178857637
4342580178857645
4342580178857652
4342580178857660
4342580178857678
4342580178857686
4342580178857694
4342580178857702
4342580178857710
4342580178857728
4342580178857736
4342580178857744
4342580178857751
4342580178857769
4342580178857777
4342580178857785
4342580178857793
4342580178857801
4342580178857819
4342580178857827
4342580178857835
4342580178857843
4342580178857850
4342580178857868
4342580178857876
4342580178857884
4342580178857892
4342580178857900
4342580178857918
4342580178857926
4342580178857934
4342580178857942
4342580178857959
4342580178857967
4342580178857975
4342580178857983
4342580178857991
4342580178858007
4342580178858015
4342580178858023
4342580178858031
4342580178858049
4342580178858056
4342580178858064
4342580178858072
4342580178858080
4342580178858098
4342580178858106
4342580178858114
4342580178858122
4342580178858130
4342580178858148
4342580178858155
4342580178858163
4342580178858171
4342580178858189
4342580178858197
4342580178858205
4342580178858213
4342580178858221
4342580178858239
4342580178858247
4342580178858254
4342580178858262
4342580178858270
4342580178858288
4342580178858296
4342580178858304
4342580178858312
4342580178858320
4342580178858338
4342580178858346
4342580178858353
4342580178858361
4342580178858379
4342580178858387
4342580178858395
4342580178858403
4342580178858411
4342580178858429
4342580178858437
4342580178858445
4342580178858452
4342580178858460
4342580178858478
4342580178858486
4342580178858494
4342580178858502
4342580178858510
4342580178858528
4342580178858536
4342580178858544
4342580178858551
4342580178858569
4342580178858577
4342580178858585
4342580178858593
4342580178858601
4342580178858619
4342580178858627
4342580178858635
4342580178858643
4342580178858650
4342580178858668
4342580178858676
4342580178858684
4342580178858692
4342580178858700
4342580178858718
4342580178858726
4342580178858734
4342580178858742
4342580178858759
4342580178858767
4342580178858775
4342580178858783
4342580178858791
4342580178858809
4342580178858817
4342580178858825
4342580178858833
4342580178858841
4342580178858858
4342580178858866
4342580178858874
4342580178858882
4342580178858890
4342580178858908
4342580178858916
4342580178858924
4342580178858932
4342580178858940
4342580178858957
4342580178858965
4342580178858973
4342580178858981
4342580178858999
4342580178859005
4342580178859013
4342580178859021
4342580178859039
4342580178859047
4342580178859054
4342580178859062
4342580178859070
4342580178859088
4342580178859096
4342580178859104
4342580178859112
4342580178859120
4342580178859138
4342580178859146
4342580178859153
4342580178859161
4342580178859179
4342580178859187
4342580178859195
4342580178859203
4342580178859211
4342580178859229
4342580178859237
4342580178859245
4342580178859252
4342580178859260
4342580178859278
4342580178859286
4342580178859294
4342580178859302
4342580178859310
4342580178859328
4342580178859336
4342580178859344
4342580178859351
4342580178859369
4342580178859377
4342580178859385
4342580178859393
4342580178859401
4342580178859419
4342580178859427
4342580178859435
4342580178859443
4342580178859450
4342580178859468
4342580178859476
4342580178859484
4342580178859492
4342580178859500
4342580178859518
4342580178859526
4342580178859534
4342580178859542
4342580178859559
4342580178859567
4342580178859575
4342580178859583
4342580178859591
4342580178859609
4342580178859617
4342580178859625
4342580178859633
4342580178859641
4342580178859658
4342580178859666
4342580178859674
4342580178859682
4342580178859690
4342580178859708
4342580178859716
4342580178859724
4342580178859732
4342580178859740
4342580178859757
4342580178859765
4342580178859773
4342580178859781
4342580178859799
4342580178859807
4342580178859815
4342580178859823
4342580178859831
4342580178859849
4342580178859856
4342580178859864
4342580178859872
4342580178859880
4342580178859898
4342580178859906
4342580178859914
4342580178859922
4342580178859930
4342580178859948
4342580178859955
4342580178859963
4342580178859971
4342580178859989
4342580178859997
# 1000
